,Rank,Player,Position,G    ,B,GA,GA%,SAG,SI,SL,Season,Round
0,1,Alex Sexton,FWD,6,2,0,66.7,9,10,1,2022,Round 23
1,2,Max King,KEYF,5,0,0,83.3,6,9,0,2022,Round 23
2,2,Tom J. Lynch,KEYF,5,2,0,62.5,8,11,0,2022,Round 23
3,4,Bayley Fritsch,FWD,4,0,0,100,4,6,0,2022,Round 23
4,4,Jack Gunston,KEYF,4,0,0,100,4,4,0,2022,Round 23
5,4,Tom Hawkins,KEYF,4,3,0,40,10,13,0,2022,Round 23
6,4,Todd Marshall,KEYF,4,1,0,57.1,7,8,1,2022,Round 23
7,4,Kysaiah Pickett,FWD,4,1,1,66.7,6,9,1,2022,Round 23
8,4,Tyson Stengle,FWD,4,2,0,66.7,6,12,1,2022,Round 23
9,10,Ben Brown,KEYF,3,0,0,100,3,3,0,2022,Round 23
10,10,Jamie Cripps,FWD,3,0,1,75,4,6,1,2022,Round 23
11,10,Noah Cumberland,FWD,3,0,0,100,3,7,1,2022,Round 23
12,10,Shane Edwards,FWD,3,0,0,100,3,4,0,2022,Round 23
13,10,Darcy Fogarty,KEYF,3,2,0,60,5,6,0,2022,Round 23
14,10,Jack Ginnivan,FWD,3,0,0,75,4,5,1,2022,Round 23
15,10,Will Hayward,FWD,3,1,1,75,4,9,2,2022,Round 23
16,10,Jesse Hogan,KEYF,3,0,1,75,4,6,0,2022,Round 23
17,10,Aaron Naughton,KEYF,3,3,0,42.9,7,6,1,2022,Round 23
18,10,Roarke Smith,MID,3,0,0,100,3,8,2,2022,Round 23
19,10,Michael Walters,FWD,3,0,0,60,5,6,1,2022,Round 23
20,10,Peter Wright,KEYF,3,2,1,50,6,6,1,2022,Round 23
21,22,Andrew Brayshaw,MID,2,0,0,100,2,3,0,2022,Round 23
22,22,Adam Cerra,MID,2,0,0,100,2,5,2,2022,Round 23
23,22,Charlie Curnow,KEYF,2,5,0,25,8,8,0,2022,Round 23
24,22,Massimo D'Ambrosio,DEF,2,0,1,66.7,3,3,0,2022,Round 23
25,22,Joe Daniher,KEYF,2,1,0,66.7,3,4,0,2022,Round 23
26,22,Sam Darcy,KEYD,2,2,0,50,4,4,0,2022,Round 23
27,22,Jack Darling,KEYF,2,0,0,100,2,3,0,2022,Round 23
28,22,Alex Davies,FWD,2,0,1,100,2,5,1,2022,Round 23
29,22,Xavier Duursma,MID,2,0,1,100,2,6,3,2022,Round 23
30,22,Jamie Elliott,FWD,2,1,0,66.7,3,5,1,2022,Round 23
31,22,Lance Franklin,KEYF,2,1,1,66.7,3,5,0,2022,Round 23
32,22,Robbie Gray,FWD,2,2,3,33.3,6,9,0,2022,Round 23
33,22,Cameron Guthrie,MID,2,0,0,100,2,6,3,2022,Round 23
34,22,Isaac Heeney,FWD,2,2,0,33.3,6,9,2,2022,Round 23
35,22,Jacob Hopper,MID,2,0,0,100,2,5,1,2022,Round 23
36,22,Ash Johnson,KEYF,2,0,0,100,2,2,0,2022,Round 23
37,22,Hugh McCluggage,MID,2,0,0,100,2,4,0,2022,Round 23
38,22,Logan McDonald,KEYF,2,0,1,66.7,3,5,1,2022,Round 23
39,22,Jed McEntee,FWD,2,0,0,100,2,5,0,2022,Round 23
40,22,Ben McEvoy,RUC,2,0,0,100,2,3,0,2022,Round 23
41,22,Harry McKay,KEYF,2,3,0,40,5,7,0,2022,Round 23
42,22,Dylan Moore,FWD,2,1,0,66.7,3,3,0,2022,Round 23
43,22,Jesse Motlop,FWD,2,0,0,66.7,3,3,0,2022,Round 23
44,22,Nathan O'Driscoll,MID,2,1,0,66.7,3,5,2,2022,Round 23
45,22,Christian Petracca,MID,2,1,2,66.7,3,10,1,2022,Round 23
46,22,Gary Rohan,FWD,2,0,0,100,2,6,0,2022,Round 23
47,22,Malcolm Rosas,FWD,2,3,1,40,5,8,2,2022,Round 23
48,22,Joel Selwood,MID,2,0,0,100,2,8,3,2022,Round 23
49,50,Ben Ainsworth,FWD,1,2,1,25,4,8,0,2022,Round 23
50,50,Karl Amon,MID,1,0,0,50,2,7,2,2022,Round 23
51,50,Noah Anderson,MID,1,1,1,50,2,13,0,2022,Round 23
52,50,Sam Berry,MID,1,0,0,100,1,2,1,2022,Round 23
53,50,Shai Bolton,FWD,1,2,1,33.3,3,8,0,2022,Round 23
54,50,Marcus Bontempelli,MID,1,2,1,33.3,3,10,2,2022,Round 23
55,50,Will Brodie,MID,1,0,1,100,1,6,1,2022,Round 23
56,50,Dan Butler,FWD,1,0,0,50,2,3,1,2022,Round 23
57,50,Zak Butters,FWD,1,1,2,50,2,7,4,2022,Round 23
58,50,Mabior Chol,KEYF,1,3,1,20,5,8,2,2022,Round 23
59,50,Jordan Clark,DEF,1,0,0,100,1,4,0,2022,Round 23
60,50,Brad Close,FWD,1,0,0,100,1,10,2,2022,Round 23
61,50,Trent Cotchin,MID,1,0,1,50,2,11,6,2022,Round 23
62,50,Mason Cox,RUC,1,0,0,100,1,2,0,2022,Round 23
63,50,Jack Crisp,MID,1,0,0,100,1,3,0,2022,Round 23
64,50,Luke Davies-Uniacke,MID,1,1,0,50,2,4,3,2022,Round 23
65,50,Sam Docherty,DEF,1,0,1,100,1,4,2,2022,Round 23
66,50,Sam Draper,RUC,1,1,0,50,2,8,7,2022,Round 23
67,50,Mitch Georgiades,KEYF,1,0,0,100,1,2,1,2022,Round 23
68,50,Tom Green,MID,1,1,0,33.3,3,5,1,2022,Round 23
69,50,Hugh Greenwood,MID,1,1,0,50,2,8,1,2022,Round 23
70,50,Errol Gulden,FWD,1,0,0,100,1,5,1,2022,Round 23
71,50,Jack Henry,KEYD,1,0,3,100,1,7,1,2022,Round 23
72,50,Dyson Heppell,DEF,1,0,0,100,1,3,0,2022,Round 23
73,50,Jack Higgins,FWD,1,2,0,33.3,3,4,0,2022,Round 23
74,50,Lachie Hunter,MID,1,2,0,33.3,3,13,3,2022,Round 23
75,50,Michael Hurley,KEYF,1,0,0,50,2,2,0,2022,Round 23
76,50,Luke Jackson,RUC,1,0,1,100,1,9,7,2022,Round 23
77,50,Tim Kelly,MID,1,0,0,100,1,3,1,2022,Round 23
78,50,Rory Laird,MID,1,1,0,50,2,10,5,2022,Round 23
79,50,Ed Langdon,MID,1,1,2,50,2,7,0,2022,Round 23
80,50,Nick Larkey,KEYF,1,0,0,50,2,4,0,2022,Round 23
81,50,Jake Lever,KEYD,1,0,1,100,1,3,1,2022,Round 23
82,50,Ben Long,FWD,1,0,0,100,1,5,2,2022,Round 23
83,50,Jack Lukosius,KEYF,1,1,3,33.3,3,7,1,2022,Round 23
84,50,Jack Mahony,FWD,1,0,0,100,1,2,0,2022,Round 23
85,50,Lincoln McCarthy,FWD,1,2,0,33.3,3,3,0,2022,Round 23
86,50,Beau McCreery,FWD,1,0,0,100,1,3,0,2022,Round 23
87,50,Kamdyn McIntosh,MID,1,0,0,100,1,5,0,2022,Round 23
88,50,Daniel McStay,KEYF,1,0,0,50,2,1,0,2022,Round 23
89,50,Jake Melksham,FWD,1,1,3,50,2,7,0,2022,Round 23
90,50,Tim Membrey,KEYF,1,0,0,25,4,5,0,2022,Round 23
91,50,Jye Menzie,FWD,1,0,0,100,1,4,0,2022,Round 23
92,50,Gryan Miers,FWD,1,0,3,100,1,12,0,2022,Round 23
93,50,Touk Miller,MID,1,0,0,100,1,7,4,2022,Round 23
94,50,Ben Miller,KEYD,1,0,1,100,1,7,3,2022,Round 23
95,50,Harry Morrison,MID,1,0,0,100,1,3,2,2022,Round 23
96,50,David Mundy,MID,1,0,1,33.3,3,7,0,2022,Round 23
97,50,Alex Neal-Bullen,FWD,1,1,1,33.3,3,8,1,2022,Round 23
98,50,Reilly O'Brien,RUC,1,0,0,100,1,5,4,2022,Round 23
99,50,Matthew Owies,FWD,1,0,1,50,2,5,2,2022,Round 23
100,50,Tom Papley,FWD,1,0,0,100,1,1,0,2022,Round 23
101,50,Darcy Parish,MID,1,0,0,100,1,6,2,2022,Round 23
102,50,Alex Pearce,KEYD,1,0,0,100,1,4,2,2022,Round 23
103,50,Marlion Pickett,MID,1,0,0,100,1,8,3,2022,Round 23
104,50,Sam Powell-Pepper,FWD,1,1,0,33.3,3,6,1,2022,Round 23
105,50,Dion Prestia,MID,1,2,0,33.3,3,10,1,2022,Round 23
106,50,Cam Rayner,FWD,1,0,1,100,1,3,0,2022,Round 23
107,50,Jake Riccardi,KEYF,1,1,1,33.3,3,8,3,2022,Round 23
108,50,Jack Riewoldt,KEYF,1,2,5,33.3,3,9,1,2022,Round 23
109,50,Maurice Rioli,FWD,1,0,0,33.3,3,6,0,2022,Round 23
110,50,Mitch Robinson,MID,1,0,0,100,1,2,0,2022,Round 23
111,50,Jack Ross,MID,1,0,2,100,1,14,2,2022,Round 23
112,50,James Rowbottom,MID,1,1,0,50,2,6,3,2022,Round 23
113,50,Connor Rozee,FWD,1,0,2,50,2,8,1,2022,Round 23
114,50,Liam Ryan,FWD,1,1,0,50,2,6,0,2022,Round 23
115,50,Jack Saunders,FWD,1,0,1,100,1,3,0,2022,Round 23
116,50,Lachie Schultz,FWD,1,0,0,50,2,4,0,2022,Round 23
117,50,Bailey Scott,DEF,1,0,0,100,1,4,0,2022,Round 23
118,50,Caleb Serong,MID,1,1,0,25,4,8,2,2022,Round 23
119,50,Steele Sidebottom,MID,1,0,0,100,1,3,2,2022,Round 23
120,50,Isaac Smith,FWD,1,4,2,20,5,10,1,2022,Round 23
121,50,Tyler Sonsie,FWD,1,3,1,25,4,14,4,2022,Round 23
122,50,Jack Steele,MID,1,0,1,100,1,8,1,2022,Round 23
123,50,Jake Stringer,KEYF,1,0,0,100,1,2,0,2022,Round 23
124,50,David Swallow,MID,1,1,0,50,2,8,1,2022,Round 23
125,50,Tim Taranto,FWD,1,1,1,50,2,6,1,2022,Round 23
126,50,Curtis Taylor,MID,1,1,0,25,4,5,0,2022,Round 23
127,50,Adam Treloar,MID,1,1,0,50,2,8,2,2022,Round 23
128,50,Zach Tuohy,DEF,1,2,0,25,4,9,4,2022,Round 23
129,50,Taylor Walker,KEYF,1,0,0,50,2,5,1,2022,Round 23
130,50,Callan Ward,MID,1,0,0,50,2,4,0,2022,Round 23
131,50,Chad Warner,MID,1,1,0,33.3,3,5,1,2022,Round 23
132,50,Cody Weightman,FWD,1,0,0,33.3,3,5,0,2022,Round 23
133,50,Lachie Whitfield,MID,1,0,0,50,2,5,0,2022,Round 23
134,50,Marcus Windhager,FWD,1,0,0,100,1,3,0,2022,Round 23
135,50,Ollie Wines,MID,1,0,2,100,1,9,3,2022,Round 23
136,137,Blake Acres,MID,0,1,0,0,1,7,2,2022,Round 23
137,137,James Aish,MID,0,0,3,0,1,5,1,2022,Round 23
138,137,Leek Aleer,KEYD,0,0,0,0,0,1,0,2022,Round 23
139,137,Aliir Aliir,KEYD,0,0,0,0,0,2,2,2022,Round 23
140,137,Mac Andrew,KEYD,0,0,0,0,0,5,3,2022,Round 23
141,137,Harris Andrews,KEYD,0,0,0,0,0,2,2,2022,Round 23
142,137,Noah Answerth,DEF,0,0,1,0,0,2,1,2022,Round 23
143,137,Lachie Ash,MID,0,3,0,0,3,4,1,2022,Round 23
144,137,Tom Atkins,DEF,0,0,1,0,0,4,0,2022,Round 23
145,137,Zac Bailey,FWD,0,0,0,0,0,2,0,2022,Round 23
146,137,Liam Baker,DEF,0,0,0,0,0,10,3,2022,Round 23
147,137,Noah Balta,KEYD,0,0,0,0,0,5,1,2022,Round 23
148,137,Bailey Banfield,FWD,0,2,1,0,3,3,0,2022,Round 23
149,137,Tom Barrass,KEYD,0,0,0,0,0,1,0,2022,Round 23
150,137,Josh Battle,KEYD,0,0,0,0,0,2,0,2022,Round 23
151,137,Rhett Bazzo,KEYD,0,0,0,0,0,1,1,2022,Round 23
152,137,Miles Bergman,MID,0,2,0,0,2,5,1,2022,Round 23
153,137,Jarrod Berry,MID,0,0,0,0,0,0,0,2022,Round 23
154,137,Jed Bews,DEF,0,1,1,0,1,6,1,2022,Round 23
155,137,Nick Blakey,DEF,0,0,1,0,0,2,2,2022,Round 23
156,137,James Blanck,KEYD,0,0,0,0,0,1,0,2022,Round 23
157,137,Mark Blicavs,RUC,0,0,0,0,0,11,2,2022,Round 23
158,137,Travis Boak,MID,0,0,0,0,0,8,2,2022,Round 23
159,137,Aiden Bonar,KEYD,0,0,0,0,0,3,1,2022,Round 23
160,137,Riley Bonner,DEF,0,0,0,0,0,3,0,2022,Round 23
161,137,Jake Bowey,DEF,0,0,0,0,0,0,0,2022,Round 23
162,137,Angus Brayshaw,DEF,0,0,0,0,0,5,1,2022,Round 23
163,137,Luke Breust,FWD,0,0,1,0,0,2,0,2022,Round 23
164,137,Kieren Briggs,RUC,0,1,1,0,1,4,3,2022,Round 23
165,137,Nathan Broad,DEF,0,0,0,0,0,3,1,2022,Round 23
166,137,Callum M. Brown,KEYF,0,0,0,0,0,1,2,2022,Round 23
167,137,Josh Bruce,KEYF,0,0,0,0,0,2,1,2022,Round 23
168,137,Jase Burgoyne,DEF,0,1,0,0,1,1,0,2022,Round 23
169,137,Ryan Burton,DEF,0,0,0,0,0,1,0,2022,Round 23
170,137,Jordon Butts,KEYD,0,0,0,0,0,1,0,2022,Round 23
171,137,Darcy Byrne-Jones,DEF,0,0,0,0,0,1,0,2022,Round 23
172,137,Jye Caldwell,MID,0,0,1,0,0,7,0,2022,Round 23
173,137,Charlie Cameron,FWD,0,1,0,0,2,2,1,2022,Round 23
174,137,Darcy Cameron,RUC,0,1,0,0,1,4,2,2022,Round 23
175,137,Tom Campbell,RUC,0,0,0,0,1,3,1,2022,Round 23
176,137,Levi Casboult,KEYF,0,1,1,0,3,3,0,2022,Round 23
177,137,Jason Castagna,FWD,0,0,0,0,0,0,0,2022,Round 23
178,137,Jonathon Ceglar,RUC,0,0,0,0,0,8,5,2022,Round 23
179,137,Heath Chapman,DEF,0,0,1,0,1,2,0,2022,Round 23
180,137,Greg Clark,MID,0,0,0,0,0,0,0,2022,Round 23
181,137,Hunter Clark,DEF,0,0,0,0,0,1,0,2022,Round 23
182,137,Ryan Clarke,FWD,0,0,1,0,1,3,0,2022,Round 23
183,137,Keidean Coleman,DEF,0,0,0,0,0,5,3,2022,Round 23
184,137,Sam Collins,KEYD,0,0,0,0,0,0,0,2022,Round 23
185,137,Charlie Comben,KEYF,0,2,0,0,2,3,0,2022,Round 23
186,137,Stephen Coniglio,FWD,0,0,0,0,0,4,0,2022,Round 23
187,137,Charlie Constable,MID,0,0,0,0,0,0,0,2022,Round 23
188,137,Zaine Cordy,KEYD,0,0,0,0,0,1,1,2022,Round 23
189,137,Aidan Corr,KEYD,0,0,0,0,0,4,2,2022,Round 23
190,137,Matthew Cottrell,FWD,0,1,1,0,1,5,1,2022,Round 23
191,137,Brennan Cox,KEYD,0,0,0,0,0,2,1,2022,Round 23
192,137,Patrick Cripps,MID,0,0,1,0,0,3,1,2022,Round 23
193,137,Jai Culley,MID,0,0,0,0,0,2,1,2022,Round 23
194,137,Isaac Cumming,DEF,0,0,1,0,0,5,3,2022,Round 23
195,137,Ben Cunnington,MID,0,0,0,0,0,1,0,2022,Round 23
196,137,Nick Daicos,DEF,0,1,1,0,1,5,2,2022,Round 23
197,137,Josh Daicos,MID,0,0,0,0,0,7,0,2022,Round 23
198,137,Bailey Dale,DEF,0,0,0,0,0,2,1,2022,Round 23
199,137,Patrick Dangerfield,MID,0,1,0,0,1,9,1,2022,Round 23
200,137,Caleb Daniel,DEF,0,0,0,0,0,6,2,2022,Round 23
201,137,Sean Darcy,RUC,0,2,0,0,2,3,2,2022,Round 23
202,137,Ben Davis,DEF,0,0,1,0,0,2,0,2022,Round 23
203,137,Jordan Dawson,DEF,0,1,1,0,3,4,2,2022,Round 23
204,137,Kallan Dawson,KEYD,0,1,0,0,1,3,0,2022,Round 23
205,137,Will Day,DEF,0,0,0,0,0,2,1,2022,Round 23
206,137,Jordan De Goey,MID,0,1,0,0,1,6,0,2022,Round 23
207,137,Sam De Koning,KEYD,0,0,0,0,0,1,1,2022,Round 23
208,137,Charlie Dixon,KEYF,0,1,0,0,1,6,3,2022,Round 23
209,137,Hugh Dixon,KEYF,0,0,0,0,0,1,1,2022,Round 23
210,137,Tom Doedee,KEYD,0,0,0,0,0,0,0,2022,Round 23
211,137,Willem Drew,MID,0,0,0,0,0,4,0,2022,Round 23
212,137,Liam Duggan,DEF,0,0,0,0,0,2,1,2022,Round 23
213,137,Josh Dunkley,FWD,0,0,0,0,2,10,2,2022,Round 23
214,137,Corey Durdin,FWD,0,1,0,0,1,1,0,2022,Round 23
215,137,Sam Durham,MID,0,0,0,0,0,0,0,2022,Round 23
216,137,Taylor Duryea,DEF,0,0,0,0,0,5,2,2022,Round 23
217,137,Harry Edwards,KEYD,0,0,0,0,0,1,0,2022,Round 23
218,137,Brandon Ellis,MID,0,0,0,0,0,6,1,2022,Round 23
219,137,Tim English,RUC,0,0,0,0,1,5,3,2022,Round 23
220,137,Jy Farrar,DEF,0,0,0,0,0,3,3,2022,Round 23
221,137,Kane Farrell,FWD,0,0,0,0,0,4,2,2022,Round 23
222,137,Jeremy Finlayson,RUC,0,1,1,0,2,4,0,2022,Round 23
223,137,Zac Fisher,FWD,0,0,0,0,0,5,1,2022,Round 23
224,137,Sam Flanders,FWD,0,0,0,0,0,4,1,2022,Round 23
225,137,Oliver Florent,DEF,0,1,0,0,1,3,0,2022,Round 23
226,137,Luke Foley,DEF,0,0,0,0,0,0,0,2022,Round 23
227,137,Robbie Fox,DEF,0,0,0,0,0,2,1,2022,Round 23
228,137,Michael Frederick,FWD,0,2,0,0,2,5,0,2022,Round 23
229,137,Nat Fyfe,FWD,0,1,0,0,2,3,0,2022,Round 23
230,137,Darcy Gardiner,KEYD,0,0,0,0,0,1,1,2022,Round 23
231,137,Ryan Gardner,KEYD,0,0,0,0,0,2,1,2022,Round 23
232,137,Max Gawn,RUC,0,0,0,0,0,5,3,2022,Round 23
233,137,Josh Gibcus,KEYD,0,0,0,0,0,3,3,2022,Round 23
234,137,Josh Goater,DEF,0,1,0,0,2,4,1,2022,Round 23
235,137,Todd Goldstein,RUC,0,0,0,0,0,3,0,2022,Round 23
236,137,Caleb Graham,KEYD,0,0,0,0,0,2,1,2022,Round 23
237,137,Denver Grainger-Barras,KEYD,0,0,0,0,0,0,0,2022,Round 23
238,137,Matt Guelfi,FWD,0,1,0,0,2,4,0,2022,Round 23
239,137,Zach Guthrie,DEF,0,0,0,0,0,1,1,2022,Round 23
240,137,Cooper Hamilton,DEF,0,0,0,0,0,0,0,2022,Round 23
241,137,Dan Hannebery,MID,0,0,0,0,0,4,2,2022,Round 23
242,137,Blake Hardwick,DEF,0,0,0,0,0,4,2,2022,Round 23
243,137,James Harmes,FWD,0,0,1,0,0,5,0,2022,Round 23
244,137,Nick Haynes,DEF,0,0,0,0,0,1,0,2022,Round 23
245,137,Oliver Henry,KEYF,0,0,0,0,0,0,0,2022,Round 23
246,137,Michael Hibberd,DEF,0,0,0,0,0,2,1,2022,Round 23
247,137,Tom Hickey,RUC,0,0,1,0,0,4,2,2022,Round 23
248,137,Bradley Hill,DEF,0,0,0,0,0,3,0,2022,Round 23
249,137,Harry Himmelberg,KEYF,0,0,0,0,0,1,0,2022,Round 23
250,137,Nick Hind,DEF,0,0,1,0,0,2,1,2022,Round 23
251,137,Mitchell Hinge,DEF,0,0,0,0,0,2,1,2022,Round 23
252,137,Eric Hipwood,KEYF,0,0,0,0,1,2,0,2022,Round 23
253,137,Elijah Hollands,MID,0,3,0,0,3,6,2,2022,Round 23
254,137,Max Holmes,MID,0,0,2,0,0,10,1,2022,Round 23
255,137,Jason Horne-Francis,FWD,0,0,1,0,1,6,0,2022,Round 23
256,137,Will Hoskin-Elliott,FWD,0,0,2,0,0,3,0,2022,Round 23
257,137,Dan Houston,DEF,0,0,0,0,1,5,4,2022,Round 23
258,137,Dougal Howard,KEYD,0,0,0,0,0,0,0,2022,Round 23
259,137,Daniel Howe,MID,0,0,0,0,1,2,0,2022,Round 23
260,137,Jeremy Howe,KEYD,0,0,0,0,0,3,1,2022,Round 23
261,137,Jayden Hunt,DEF,0,0,0,0,1,2,1,2022,Round 23
262,137,Shannon Hurn,DEF,0,0,1,0,0,1,0,2022,Round 23
263,137,Tom Jonas,KEYD,0,0,0,0,0,0,1,2022,Round 23
264,137,Jamaine Jones,DEF,0,0,0,0,0,2,1,2022,Round 23
265,137,Zak Jones,MID,0,0,0,0,0,2,1,2022,Round 23
266,137,Chayce Jones,DEF,0,1,0,0,1,3,0,2022,Round 23
267,137,James Jordon,MID,0,0,0,0,0,0,0,2022,Round 23
268,137,Ben Keays,MID,0,2,0,0,2,4,1,2022,Round 23
269,137,Jake Kelly,DEF,0,0,0,0,0,3,0,2022,Round 23
270,137,Josh Kelly,MID,0,0,0,0,0,3,2,2022,Round 23
271,137,Adam Kennedy,DEF,0,0,0,0,0,1,0,2022,Round 23
272,137,Dean Kent,FWD,0,0,2,0,0,2,0,2022,Round 23
273,137,Jake Kolodjashnij,KEYD,0,0,0,0,0,0,0,2022,Round 23
274,137,Zac Langdon,FWD,0,0,0,0,0,1,0,2022,Round 23
275,137,Jayden Laverde,KEYD,0,0,0,0,0,0,0,2022,Round 23
276,137,Charlie Lazzaro,FWD,0,0,1,0,1,4,1,2022,Round 23
277,137,Sean Lemmens,DEF,0,0,0,0,0,2,0,2022,Round 23
278,137,Tom Liberatore,MID,0,0,0,0,0,3,1,2022,Round 23
279,137,Jarrod Lienert,KEYD,0,0,0,0,0,0,0,2022,Round 23
280,137,Patrick Lipinski,FWD,0,0,0,0,0,7,0,2022,Round 23
281,137,Jake Lloyd,DEF,0,0,1,0,0,6,2,2022,Round 23
282,137,Daniel Lloyd,FWD,0,1,0,0,1,4,0,2022,Round 23
283,137,Ned Long,MID,0,0,0,0,0,2,0,2022,Round 23
284,137,Max Lynch,RUC,0,0,1,0,0,4,2,2022,Round 23
285,137,Jarryd Lyons,MID,0,0,1,0,0,3,1,2022,Round 23
286,137,Connor Macdonald,FWD,0,0,1,0,0,2,0,2022,Round 23
287,137,Darcy Macpherson,FWD,0,0,0,0,0,3,1,2022,Round 23
288,137,Jack Macrae,MID,0,0,1,0,0,7,1,2022,Round 23
289,137,Finlay Macrae,FWD,0,0,0,0,1,2,0,2022,Round 23
290,137,Finn Maginness,MID,0,0,0,0,1,2,0,2022,Round 23
291,137,Caleb Marchbank,DEF,0,0,0,0,0,1,1,2022,Round 23
292,137,Rowan Marshall,RUC,0,0,0,0,0,2,2,2022,Round 23
293,137,Jack Martin,FWD,0,1,1,0,1,4,1,2022,Round 23
294,137,Nic Martin,FWD,0,0,0,0,1,2,0,2022,Round 23
295,137,Rhys Mathieson,FWD,0,0,0,0,0,6,2,2022,Round 23
296,137,Steven May,KEYD,0,0,0,0,0,4,3,2022,Round 23
297,137,Brayden Maynard,DEF,0,1,0,0,1,6,3,2022,Round 23
298,137,Paddy McCartin,KEYD,0,0,0,0,0,0,0,2022,Round 23
299,137,Tom McCartin,KEYD,0,0,0,0,0,0,0,2022,Round 23
300,137,Robbie McComb,FWD,0,0,0,0,0,0,0,2022,Round 23
301,137,Luke McDonald,DEF,0,0,0,0,0,5,3,2022,Round 23
302,137,Mitch McGovern,KEYD,0,0,0,0,0,3,2,2022,Round 23
303,137,Andrew McGrath,MID,0,0,0,0,0,5,0,2022,Round 23
304,137,Ned McHenry,FWD,0,0,0,0,0,2,1,2022,Round 23
305,137,Justin McInerney,MID,0,1,0,0,1,4,1,2022,Round 23
306,137,Oscar McInerney,RUC,0,1,0,0,1,4,3,2022,Round 23
307,137,Ben McKay,KEYD,0,0,0,0,0,2,2,2022,Round 23
308,137,Lloyd Meek,RUC,0,0,0,0,0,5,4,2022,Round 23
309,137,Zach Merrett,MID,0,1,0,0,1,8,4,2022,Round 23
310,137,Brody Mihocek,KEYF,0,3,0,0,3,4,0,2022,Round 23
311,137,Wayne Milera,FWD,0,0,0,0,0,2,1,2022,Round 23
312,137,Callum Mills,MID,0,0,1,0,0,4,2,2022,Round 23
313,137,Tom Mitchell,MID,0,0,0,0,1,6,3,2022,Round 23
314,137,Darcy Moore,KEYD,0,0,0,0,0,4,2,2022,Round 23
315,137,Nathan Murphy,KEYD,0,0,0,0,0,0,0,2022,Round 23
316,137,Lachlan Murphy,FWD,0,1,2,0,1,5,1,2022,Round 23
317,137,Nick Murray,KEYD,0,0,0,0,0,1,0,2022,Round 23
318,137,Toby Nankervis,RUC,0,1,0,0,1,8,2,2022,Round 23
319,137,Conor Nash,MID,0,0,0,0,0,3,2,2022,Round 23
320,137,Lachie Neale,MID,0,0,3,0,1,4,2,2022,Round 23
321,137,Jackson Nelson,MID,0,0,0,0,0,0,0,2022,Round 23
322,137,Jai Newcombe,MID,0,0,3,0,0,5,0,2022,Round 23
323,137,Jack Newnes,MID,0,0,0,0,0,0,0,2022,Round 23
324,137,John Noble,DEF,0,0,2,0,0,5,2,2022,Round 23
325,137,Lochie O'Brien,MID,0,1,0,0,1,4,0,2022,Round 23
326,137,Mark O'Connor,DEF,0,0,0,0,0,4,1,2022,Round 23
327,137,Jaeger O'Meara,MID,0,1,1,0,1,5,0,2022,Round 23
328,137,Xavier O'Neill,MID,0,0,0,0,0,3,1,2022,Round 23
329,137,Hewago Paul Oea,FWD,0,0,0,0,0,4,1,2022,Round 23
330,137,Clayton Oliver,MID,0,0,0,0,0,8,3,2022,Round 23
331,137,Mitch Owens,FWD,0,1,0,0,2,4,0,2022,Round 23
332,137,Brandan Parfitt,MID,0,0,1,0,0,7,3,2022,Round 23
333,137,Luke Parker,MID,0,0,0,0,0,2,0,2022,Round 23
334,137,Patrick Parnell,DEF,0,0,0,0,0,1,0,2022,Round 23
335,137,Ben Paton,DEF,0,0,0,0,0,2,0,2022,Round 23
336,137,Jack Payne,KEYD,0,1,0,0,1,1,0,2022,Round 23
337,137,James Peatling,FWD,0,0,1,0,1,3,0,2022,Round 23
338,137,Scott Pendlebury,MID,0,0,2,0,0,8,1,2022,Round 23
339,137,Flynn Perez,MID,0,0,0,0,0,2,0,2022,Round 23
340,137,Archie Perkins,FWD,0,0,1,0,0,3,0,2022,Round 23
341,137,Harry Perryman,MID,0,0,0,0,1,6,1,2022,Round 23
342,137,Sam Petrevski-Seton,FWD,0,0,0,0,0,0,0,2022,Round 23
343,137,Harrison Petty,KEYD,0,0,0,0,0,0,0,2022,Round 23
344,137,Marc Pittonet,RUC,0,0,0,0,0,5,3,2022,Round 23
345,137,Tom Powell,FWD,0,0,0,0,0,4,1,2022,Round 23
346,137,Jaxon Prior,MID,0,0,0,0,0,2,0,2022,Round 23
347,137,Isaac Quaynor,DEF,0,0,1,0,0,4,3,2022,Round 23
348,137,Dane Rampe,KEYD,0,0,1,0,0,2,0,2022,Round 23
349,137,Esava Ratugolea,KEYF,0,0,0,0,0,1,1,2022,Round 23
350,137,Jack Redden,MID,0,1,3,0,1,5,0,2022,Round 23
351,137,Mason Redman,DEF,0,0,0,0,0,4,1,2022,Round 23
352,137,Sam Reid,KEYF,0,2,0,0,2,5,2,2022,Round 23
353,137,Zach Reid,KEYD,0,0,0,0,0,1,0,2022,Round 23
354,137,Daniel Rich,DEF,0,0,1,0,0,2,1,2022,Round 23
355,137,Ed Richards,DEF,0,0,1,0,0,5,0,2022,Round 23
356,137,Jordan Ridley,KEYD,0,0,0,0,0,1,0,2022,Round 23
357,137,Willie Rioli,FWD,0,0,0,0,0,0,0,2022,Round 23
358,137,Daniel Rioli,DEF,0,0,1,0,0,6,2,2022,Round 23
359,137,Trent Rivers,DEF,0,0,1,0,0,6,2,2022,Round 23
360,137,Sebastian Ross,MID,0,1,0,0,1,3,0,2022,Round 23
361,137,Josh Rotham,DEF,0,0,1,0,0,1,0,2022,Round 23
362,137,James Rowe,FWD,0,0,1,0,0,3,0,2022,Round 23
363,137,Matt Rowell,MID,0,0,1,0,0,3,1,2022,Round 23
364,137,Luke Ryan,DEF,0,0,0,0,0,2,1,2022,Round 23
365,137,Adam Saad,DEF,0,0,0,0,0,3,1,2022,Round 23
366,137,Harry Schoenberg,MID,0,0,0,0,0,4,0,2022,Round 23
367,137,Jack Scrimshaw,DEF,0,1,0,0,1,4,2,2022,Round 23
368,137,Jai Serong,FWD,0,0,0,0,0,0,0,2022,Round 23
369,137,Will Setterfield,MID,0,1,0,0,1,6,2,2022,Round 23
370,137,Dylan Shiel,MID,0,1,1,0,1,10,2,2022,Round 23
371,137,Jayden Short,MID,0,0,2,0,0,7,2,2022,Round 23
372,137,Luke Shuey,MID,0,0,0,0,0,2,1,2022,Round 23
373,137,James Sicily,KEYD,0,0,0,0,0,2,0,2022,Round 23
374,137,Jack Silvagni,KEYF,0,0,0,0,0,4,1,2022,Round 23
375,137,Jy Simpkin,MID,0,0,0,0,0,5,0,2022,Round 23
376,137,Jack Sinclair,DEF,0,0,2,0,0,8,5,2022,Round 23
377,137,Brodie Smith,DEF,0,0,0,0,0,2,0,2022,Round 23
378,137,Bailey Smith,FWD,0,0,1,0,0,4,1,2022,Round 23
379,137,Jake Soligo,MID,0,0,0,0,0,2,0,2022,Round 23
380,137,Charlie Spargo,FWD,0,0,0,0,0,3,0,2022,Round 23
381,137,Tom Sparrow,FWD,0,0,0,0,0,1,0,2022,Round 23
382,137,Brandon Starcevich,DEF,0,0,0,0,0,0,0,2022,Round 23
383,137,Jake Stein,KEYD,0,0,1,0,0,4,0,2022,Round 23
384,137,Dylan Stephens,MID,0,0,1,0,0,2,0,2022,Round 23
385,137,Tom Stewart,DEF,0,0,0,0,0,6,4,2022,Round 23
386,137,Liam Stocker,DEF,0,0,0,0,0,0,0,2022,Round 23
387,137,Sam Switkowski,FWD,0,1,1,0,2,3,1,2022,Round 23
388,137,Robbie Tarrant,KEYD,0,0,0,0,0,2,0,2022,Round 23
389,137,Sam Taylor,KEYD,0,0,0,0,0,2,1,2022,Round 23
390,137,Riley Thilthorpe,KEYF,0,0,0,0,0,3,0,2022,Round 23
391,137,Darcy Tucker,FWD,0,0,0,0,0,0,0,2022,Round 23
392,137,Kayne Turner,DEF,0,0,0,0,0,0,0,2022,Round 23
393,137,Jamarra Ugle-Hagan,KEYF,0,2,1,0,3,5,0,2022,Round 23
394,137,Laitham Vandermeer,FWD,0,0,1,0,0,3,1,2022,Round 23
395,137,Jack Viney,MID,0,0,0,0,0,3,0,2022,Round 23
396,137,Nick Vlastuin,DEF,0,0,0,0,0,3,1,2022,Round 23
397,137,Brandon Walker,DEF,0,0,0,0,0,4,3,2022,Round 23
398,137,Nasiah Wanganeen-Milera,MID,0,2,1,0,2,6,2,2022,Round 23
399,137,Josh Ward,MID,0,0,1,0,0,2,0,2022,Round 23
400,137,Jacob Weitering,KEYD,0,0,0,0,0,2,1,2022,Round 23
401,137,Sam Wicks,FWD,0,0,0,0,1,2,1,2022,Round 23
402,137,Callum Wilkie,DEF,0,0,0,0,0,2,2,2022,Round 23
403,137,Bailey Williams,MID,0,0,1,0,0,3,0,2022,Round 23
404,137,Zac Williams,DEF,0,0,0,0,0,4,3,2022,Round 23
405,137,Bailey J. Williams,RUC,0,0,1,0,0,2,1,2022,Round 23
406,137,Jarrod Witts,RUC,0,0,3,0,0,8,8,2022,Round 23
407,137,Josh Worrell,KEYD,0,0,0,0,0,2,2,2022,Round 23
408,137,Lewis Young,KEYD,0,0,0,0,0,1,0,2022,Round 23
409,137,Hayden Young,DEF,0,0,0,0,0,3,1,2022,Round 23
410,137,Lachie Young,DEF,0,0,1,0,0,5,0,2022,Round 23
411,137,Brandon Zerk-Thatcher,KEYD,0,0,0,0,0,0,1,2022,Round 23
412,137,Dayne Zorko,FWD,0,1,0,0,1,2,0,2022,Round 23
413,137,Cameron Zurhaar,FWD,0,2,1,0,3,4,1,2022,Round 23
